1.0 501.3837757068595
1.971160214367278 524.8051158045425
4.0 569.3679034283584
3.0 658.0
4.0 893.6196633427578
1.4615322247153688 1006.3507153161312
4.0 1072.0
3.2804023599733596 1409.3188870763342
7.0 718.515057451707
9.268874575307867 934.5825900257639
8.450298622443485 1240.0
16.0 418.0
13.72236906523987 671.3069614517481
13.336707171649225 814.0
16.0 916.0
16.0 1216.0
13.0 1230.0
20.54641620482543 255.54641620482542
19.0 406.0
21.698547745298548 574.3717207545432
19.0 781.0
19.0 941.9303342739261
19.56204619850207 1306.0
25.39990836054343 670.3845096467809
27.34872229530208 688.6863779326964
25.526457473418965 702.090873276255
28.0 707.0
25.0 720.0
27.0 809.0
28.0 1027.0
27.455219128229018 1039.0
25.44602214269848 1146.6601861614513
33.320638421036364 822.4417431883904
34.0 862.0
31.27086524689556 1038.72801124951
31.0 1242.576010347913
43.0 301.0
40.0 864.0
43.0 982.0
42.72471622595715 1120.2509756441889
43.0 1174.3115491546316
41.58910086881179 1195.0
40.535893690068754 1219.0
43.0 1228.5196547788398
47.2966572479358 361.6377940036941
47.0 425.0
46.35823849359359 488.62041422618336
49.0 587.0
46.77020525964641 762.6064498551622
49.0 796.5208761135509
48.423619625736166 925.0
47.43819571249011 954.4574523054919
48.0 1039.0
48.797712145501194 1074.4118275795388
48.31911901637553 1097.252408185353
48.0 1291.0
46.0 1327.0
55.46007116094107 599.4124300438581
55.0 1225.0
58.0 1243.0
55.0 1278.0
56.59057201967792 1325.5255142389847
55.0 1354.6039025089685
58.0 1502.0
61.512707746235456 223.0
63.51381342686588 485.0
61.0 750.4714870631757
64.0 822.3367785853504
62.64909629755675 826.0
61.0 946.3865601472603
61.0 1062.0
63.0 1204.410412484293
61.0 1324.0
64.0 1439.0
68.54377011933326 583.0
67.0 689.6383814900919
67.50959421277085 718.0
68.04278571437773 763.0
67.0 838.0
67.0 928.0
69.42533189905868 960.7848129176485
69.63670238217216 983.2409584992524
70.0 1114.0
68.0 1144.0
69.65306958105347 1352.0
74.0206325598989 282.0412651197978
74.96986721389075 356.560213868742
76.0 513.0
73.66912006912007 676.8376457519315
75.13088862231245 977.880393171542
75.757686438882 1110.265196942504
76.0 1151.0
79.0 519.5837173468111
81.67938081803068 877.0
82.0 1002.3636075730398
88.0 262.0
87.63609015836279 430.401542467242
85.0 449.0
85.0 544.3706299459167
85.61411443467483 658.2632636906776
85.49784113518294 673.0
85.7455689361529 761.6477349813701
85.0 917.0
85.39372053320928 935.5411984437129
85.0 1020.3475625410779
88.0 1044.4014075497482
88.0 1393.4420015497185
92.78056474013374 387.3923185384169
91.0 392.4858792970185
91.61756717756316 545.0
91.31552787892095 688.6605268548003
91.0 918.441612670117
93.80821208938063 958.3208588579405
91.0 1080.4837903902949
92.0 1108.0
94.0 1258.4236126724677
93.0 1435.0
97.52019339550458 253.6761352871306
97.0 387.377106291303
100.0 589.0
99.0 676.40387006833
100.0 790.4614585324642
99.56635830252 856.0
98.0 874.0
100.0 1006.0
100.0 1031.0
98.32849241590743 1169.8728388839975
106.0 111.46506483562625
105.0 318.0
103.0 700.597257277695
103.43180925487532 708.7345633950987
105.0 918.4313806364316
103.40735434025748 1159.0
103.26294857845467 1164.4334962537375
103.5760759829017 1284.0
110.6992107990673 399.4460747352814
110.47819620217601 435.7283250748928
109.43694144891184 440.0
109.57073445513892 519.5225064175442
111.0 635.0
112.0 929.0
112.0 989.5201863901156
109.0 1086.0
118.0 128.48091408187668
115.46999226467267 294.0
117.75387046620003 366.4205371328667
115.0 424.18053464985525
117.0 592.0
115.5999843357874 869.0
118.0 918.3775187500463
116.4848292685887 955.0
118.0 1063.0
115.55124631026567 1079.4933875728689
118.0 1183.0
121.0 223.0
124.0 724.0
121.0 778.5275887594056
121.4943933089825 977.0
123.62084698294808 1126.2265156264943
123.58643493718321 1147.0
124.0 1186.5859128179634
123.54846681427057 1192.3439778334746
121.2559150500908 1432.7018567954133
121.0 1545.0
128.0 147.0
128.0 392.0
128.0 440.0
127.0 472.0
127.44245371041167 637.0
127.0 649.0
128.0 689.0
127.0 730.0
127.0 916.5249518118135
128.0 1044.0
127.43451240480765 1140.46209014178
133.52507248978338 592.0
132.50307689314695 695.2396759546815
131.97411425303412 712.3216529334264
131.0 732.4745680812465
131.0 810.4895637944373
131.0 823.0
131.0 880.4733921157648
131.53297098223854 929.4742238356023
131.0 1067.0
132.0 1404.594348013421
137.58274472434186 283.1036582260986
138.2861476464267 1031.9573080182615
137.0 1044.0
140.0 1115.0
140.0 1139.4192710521274
138.0 1152.5039343653436
146.0 247.0
144.4027826569533 425.0
145.39796622892118 478.7787642174663
146.0 545.0
144.4672391851567 599.2442984683873
146.0 610.0
145.1857417039782 935.3253536267094
143.5824449919213 1000.6085119044815
143.0 1027.0
145.5647914123698 1098.624834908012
143.5217740440344 1253.0594891035391
143.0 1393.0
146.0 1402.5049117976753
149.0 111.5432365141162
149.0 345.0
150.42439217771854 472.3404755434386
150.0 476.0
151.0 533.0
150.62249260285805 548.2303417253042
151.52594239217163 599.0593286485889
149.69430344647222 605.6260555848005
152.0 636.4388551316322
149.0 736.0
150.99163618444166 768.7544474643605
150.0 797.623602137081
150.52299173896307 858.164267909449
150.37769707471645 1080.4704786042419
149.66098562924918 1273.0
149.0 1353.0
150.48497741982817 1393.526886544826
150.0 1420.555088109989
149.0 1524.0
155.66666666666666 289.3399332484584
155.0 395.0
155.4662787078456 429.88697268961977
156.0 440.0
157.0 634.0
158.0 670.5742536219625
155.49787006728883 808.0
155.0 990.0
158.0 1006.5613209462202
155.76234759571952 1114.297631383955
155.0 1177.0
156.0 1408.4950500538555
157.6166680589775 1429.0
157.47038676368143 1432.0
155.0 1447.0
162.0 321.0
164.0 330.0
164.0 497.0
163.64424290448682 826.0
164.0 919.0
164.0 1020.5243589377164
164.0 1222.4443958770403
167.0 634.0
168.41475504863226 799.0
167.0 808.0
169.3305363812842 822.7178170317519
170.0 898.4591423547655
168.0 989.462693014476
169.41000433363746 1051.0
170.0 1156.0
169.0 1234.524753499722
173.50510906839204 154.50510906839204
174.0 379.5911275149255
174.29679150305975 388.696630967491
175.11673557378143 423.1695022288365
173.0 672.0
173.5034019502479 784.0
173.65494228321697 871.0
174.0 880.0
175.5721411770866 930.5635021618306
173.0 1012.0
176.0 1027.0
176.0 1042.0
174.70699512620328 1050.2514009374852
174.47023601985853 1096.4471566044572
175.0 1156.0
174.7698673768231 1229.6528021476859
179.0 418.0
179.0 482.5788036049964
180.43857443549905 586.9607558893466
179.0 594.5328475113412
181.2607321993205 659.7114092260001
181.47305588363275 684.4730558836327
179.0 894.0
181.0 925.0
179.0 928.0
179.5087442305567 982.0
179.45957927468675 1063.0
180.5264263485429 1116.5605403435516
180.0153422251236 1177.0
180.28273011129968 1198.7172698887002
180.5043855340528 1352.0
188.0 443.0
185.0 709.0
186.42437747011866 862.0
185.0 898.3844419514444
185.84531699478583 947.8074158485155
185.0 961.0
186.0 1219.0
185.46659996556085 1235.0
186.54303132087426 1254.0
186.77466003408207 1259.2491923227699
187.1990697468361 1272.009630946929
185.0 1278.0
188.0 1288.0
187.66549085556144 1583.238439372785
193.0 119.0
191.0 288.5897342751513
191.0 372.0
194.0 423.0
191.0 628.0
194.0 667.0
191.0 833.0
191.76464039023801 851.3655778499517
191.0 923.0
194.0 946.439428328472
193.4824857918359 1008.6462508413273
191.0 1014.0
194.0 1075.0
192.27362772968473 1168.304201515603
193.39870545276895 1187.0405609109548
193.22595516735248 1218.6322224861274
191.0 1255.0
192.5881868735432 1313.7072125211034
191.0 1519.436148587761
193.3716884107299 1576.3418528409825
197.50532369453967 570.02861330551
198.0 733.0
199.42253605415064 941.0
198.0 967.0
199.0 1078.0
200.0 1156.6293713129176
198.35500319084466 1229.8479925751965
197.0 1254.0
206.0 536.548959996419
206.0 664.5145335043037
206.0 690.528566313841
205.4750033566921 700.5517787611378
205.0 754.0
203.0 1030.3957827373324
203.54465573911745 1102.0
203.2381089248792 1224.3775786167098
205.28042147398412 1502.7273083341163
210.0 235.0
212.0 368.55045771199707
210.4730643047397 422.0
209.6873575799658 453.37264746504036
211.0 676.0
211.75647395932455 684.3237793660293
212.0 694.0
210.45662380815784 749.1232904748244
209.35886370988823 832.4447800689908
211.5225835973031 964.5245377149583
211.0 982.0
212.0 996.5258625315927
212.0 1007.5192939741237
212.0 1192.0
209.0 1288.4196761306473
212.0 1318.0
211.54988787112 1371.0627357761298
211.0 1397.0
209.26855400319602 1444.703683426745
217.0 241.54471130318004
216.0 378.98698249901133
215.4386288050463 703.0
215.0 845.0105217083888
218.0 863.0
215.0 946.3783013706957
218.0 1252.3978874965283
216.68581431185032 1265.8414721894471
215.0 1282.5597564161003
215.88877476099483 1296.7954224391706
221.0 83.0
223.64968286573108 366.74394296092356
221.0 736.0
222.53045894903158 1097.0
221.0 1189.0
221.51655070689725 1260.037001918889
224.0 1324.5520530524711
221.71851074582506 1342.3308305000767
221.0 1370.466629071499
224.0 1450.3821443280099
222.57254370260003 1475.7761375681769
227.0 379.4111500912895
227.35433294704737 833.9705312750303
228.72573671949203 881.6916201807766
227.0 996.4318292806873
229.1667981325321 1000.1501434388376
229.70519312660258 1144.3092538561673
230.0 1159.0
229.1351628226262 1176.4513418633694
228.0969029884829 1222.4012058136323
228.0 1301.4712561507167
230.0 1339.0
228.0 1494.0
235.0 276.0
235.0 448.55051341838447
233.0 537.5283595905329
234.40401443622878 551.0
234.7646262596383 666.0551549923979
233.0 730.0
235.31546543111062 803.7014620552056
234.24561106006806 809.0122119744253
236.0 820.4227067502616
235.44714538909412 832.363784863402
234.17312702736967 844.9521970675642
233.51303390708424 973.0
233.0 1000.4175597497821
233.0 1093.0
233.53455658927945 1171.0
234.0 1234.0
235.5891272602533 1272.5498270510077
234.55428919544187 1288.0
240.61616923251015 350.3448100229144
239.0 418.4710582549092
242.0 665.0
240.36423640884985 802.0
240.64993567981242 970.2747748793435
242.0 990.5557813041552
239.0 994.0
242.0 1066.0
242.0 1297.0
240.54918230183347 1337.4717739377895
248.0 235.0
247.0 261.0
248.0 576.0
245.0 792.0
245.0 826.4194346044487
245.28260411066225 850.8302407099912
245.0 960.5131667572734
247.37679469948336 1020.4866412182936
247.0 1045.0
245.44533629234496 1063.0
245.0 1091.513669764753
248.0 1099.0
245.0 1291.0
247.69494146803757 1325.7589078836465
252.46308562026704 296.0
253.6143746174393 430.30998866849967
252.69760810319093 520.3766513444673
252.50050748082577 665.4984775575227
252.0 838.0
252.0 953.4018460384717
253.0 970.0
252.31315914261057 1044.5972595602368
253.47485776156654 1127.0
254.0 1201.0
251.7335556920433 1206.2756894543031
251.0 1336.0
259.58221303810467 144.7400997900877
260.0 294.0
260.0 348.3997903811933
257.4309557927695 508.4309557927695
260.0 647.0
259.0 804.0
259.458491164478 833.6225100628966
260.0 847.0
257.2661086868489 928.6785852547299
260.0 943.0
257.0 1078.0
258.73633661829194 1120.2384638683225
260.0 1359.0
260.0 1520.4982128365566
266.0 418.5592791820828
263.4397207286221 544.1712091363007
266.0 628.4949061620503
265.74705187401565 641.3507730352544
264.0 792.0
263.77056489302896 898.7260122955009
266.0 988.5277540560091
266.0 1135.0
263.0 1174.0
263.0 1491.0
272.0 53.0
269.0 336.0
270.0 454.5543470042041
271.0 604.0
270.6922920298604 622.3845840597209
271.0 635.5351291353078
272.0 643.0
272.0 755.0
271.0 838.4849996305514
272.0 930.5915953973257
269.0 1008.0
269.0 1012.5112697135464
269.0 1026.58177893479
269.0 1147.0
269.0 1162.0
269.0 1217.5076616786585
269.0 1326.0
271.69064924082653 1422.7837252682505
272.0 1432.3239056161458
271.2661760487068 1474.2653106490973
276.8582755537354 48.45116133615263
275.0 54.62348198865579
275.0 229.4751981420432
278.0 350.0
275.0 422.0
275.0 461.0
278.0 537.0
275.0 568.3759030710798
276.0 616.3670867306942
277.57566389043944 683.4796027434357
276.0 958.0
277.20576585834635 1097.7280098857461
275.0 1109.5399124466164
278.0 1114.3253756481392
276.42699974224684 1145.924874326044
275.60774906488456 1247.701644006174
278.0 1445.477353643943
284.0 262.0
282.4572578058903 321.0
282.0 452.0
284.0 592.0
283.0 673.0
281.0 684.0
283.69581605078764 809.3927498660969
284.0 815.0
284.0 823.0
283.0 862.0
281.8782732837445 947.8262538171356
284.0 978.0
282.90286922454163 1092.0817455719723
283.7513988459187 1132.273433391929
284.0 1211.0
281.4575039214353 1228.3319675533533
281.0 1297.0
287.0 160.46222174806317
288.0 519.0
290.0 643.0
287.0 646.0
289.37932249981446 718.0
288.4517438122255 766.0
289.1847138030017 803.733541932258
290.0 826.0
290.0 847.0
289.7609009003133 886.7180987189511
288.69920736425775 1108.2926091419113
288.47598647558306 1189.0
288.0 1234.0
287.4673715525074 1288.8388947507253
288.0 1422.0
293.5945380455129 308.0
293.0 443.0
293.0 466.0
295.0 532.0
293.0 690.5645611135501
296.0 808.0
293.0 958.3729718648966
294.60108209391126 991.0
295.0 1018.0
293.0 1096.0
294.0 1171.0
293.0 1175.4335289025594
293.26875011200417 1228.2729656421527
296.0 1285.0
301.0 7.0
302.0 301.6210993886903
301.6886268937893 410.24143991724713
301.4930982281759 581.5085122281952
302.0 670.0
299.0 787.0
299.0 792.554869260777
300.34004479210677 803.2986406096849
299.0 808.0
302.0 887.491370532093
299.4444960923305 911.4509866869479
300.6127905315128 925.0
302.0 949.0
300.57515399734734 979.0
300.552495627988 1012.4648842956526
300.0 1085.0
302.0 1258.0
299.4587996497106 1347.5031707160642
301.0 1370.0
307.0043503164855 118.25046367123208
305.0 128.0
305.7273258237297 275.36799570879793
305.0 453.0
306.57002817466895 557.0
307.65520683135503 598.6991196705258
308.0 622.0
305.0 648.0
308.0 676.0
307.0 721.0
305.0 856.6571905850699
306.0 862.0
306.0 868.0
306.4538905242296 1013.4610530360724
307.2662567625847 1056.7334672115976
305.45382317414624 1188.5296479958533
305.4475826461636 1216.0
307.0 1294.0
306.9980858978728 1332.7068801922376
306.7568320120266 1336.720311633938
307.6701201844945 1370.6728658242682
305.0 1388.0
312.0 71.0
313.05235882178914 87.37549036565406
311.0 339.0
311.0 401.0
312.45741213413476 593.0
311.0 628.0
312.63610202951406 706.2248874069405
314.0 743.3809490988473
313.0 851.5273775572092
311.0 874.4194454047704
313.37807115260676 900.7219310316515
312.86263502336476 929.9594171109455
314.0 1033.0
314.0 1105.0
311.0 1114.0
314.0 1150.0
314.0 1198.6365946431924
314.0 1210.0
314.0 1225.0
314.0 1326.0
311.55252460485934 1444.0
313.0 1494.0
319.0 344.6340869787752
318.0 554.3950054264009
317.28472814864386 569.6129451467467
318.605078513323 652.2285974171998
318.0 683.5541847033219
317.0 708.0
317.0 721.0
318.4814841703391 725.4856405384963
320.0 736.0
319.57904457176085 780.5479784337961
318.15113344598007 790.278990218584
318.5076553369692 864.4923446630307
319.58301563789473 886.0
320.0 964.4846102845994
319.540463006771 1037.4327930862135
320.0 1135.0
318.0 1231.0
320.0 1309.0
319.0694720809122 1338.4255265031964
317.4673609876461 1382.0
326.0 165.39510758121037
323.0 272.0
323.0 296.0
324.0 406.0
325.0 473.0
323.0 551.0
325.68666900512187 575.3242413613083
323.3169346859562 720.1998698868234
325.5722837577334 727.0
323.49927417116754 889.0
323.0 940.0
325.5273097339099 958.0
325.6685724034602 1001.0727349962106
324.27535921619915 1025.0856901551886
323.6480348406905 1030.6429860116489
323.0 1062.0
325.2543726152216 1200.6155076943826
323.0 1267.0
323.76457303586045 1296.3928550085711
326.0 1338.0
323.56768372416315 1370.727863955306
325.64696008333357 1427.2172764613742
325.41612279287614 1440.0
329.0 282.52767568524996
329.0 700.0
329.439318228157 841.0
331.555751258169 851.740973068154
331.52527979679087 971.0
332.0 982.0
330.0 1075.0
329.0 1091.4679306409912
330.20483073128855 1126.6087704209917
329.0 1134.611786345806
330.2654151896997 1194.7499542307858
329.9643673920082 1421.5145800737478
331.66624984128384 1488.662450401963
338.0 488.0
337.0 539.0
336.76836979817597 690.3667168039814
335.526209668936 826.4080569557937
336.2233659830171 905.1644823168868
337.0 928.0
335.5225498460932 1051.0
337.41277091948825 1132.507340315945
336.7390046709411 1181.367598703779
335.51611191728705 1192.367690486787
336.0 1265.0
341.0 204.0
343.4991377639391 295.06897888487356
343.0 336.0
342.477875756306 688.4042134662008
342.5526623716822 736.0
344.0 913.0
341.55403974082543 967.0
342.6845128139044 971.3153323346381
342.45851625701727 979.0
341.0 1025.62789454353
344.0 1045.0
341.0 1055.0
343.5977542573968 1206.3539234060872
344.0 1255.0
342.0 1283.4332778204232
341.0 1338.4513035585055
350.0 242.45505659679273
348.6334507724975 554.2422421579801
347.0 671.0
349.57779662817575 832.1962970907748
347.5242608356934 850.0
347.0 874.0
350.0 1001.5176531647417
348.0 1027.0
350.0 1069.0
349.0 1073.4880388799186
348.0 1086.6024778382186
348.0 1126.0
348.30905572301856 1151.7047174544098
347.49187198549384 1234.0
347.6214533717733 1327.0
347.0 1330.5501699177564
350.0 1397.0
348.561701981824 1438.895940281611
347.0 1534.6110420777231
353.0 90.0
354.0 425.0
355.1614566282057 429.85590188746573
354.9548595730201 436.81571286853887
354.0 583.0
356.0 661.0
353.38922798309744 676.7325151581696
353.0 823.0
355.0 901.0
353.8133026625108 912.5933486687446
354.0 954.0
356.0 1000.0
353.5416153627273 1054.0
353.7337357028377 1133.337482223911
356.0 1204.461774231662
353.0 1266.0
354.40679998676376 1359.0
354.5535074253495 1457.4820050321962
359.55176137215545 201.68993323429984
359.0 305.0
360.0 380.3859117635398
359.0 387.4281319497403
359.0 416.356333459618
359.0 425.0
362.0 476.0
361.62296133405647 724.8873447761398
361.0 749.0
359.5941670369143 880.0
359.0 892.0
359.0 954.0
360.2667790240037 1007.6063839769512
361.0 1055.0
361.0 1162.0
361.3919074595747 1415.7860970279642
359.53416382496164 1463.0
368.0 141.0
368.0 241.0
368.0 295.0
367.7617781954769 311.257949785443
367.5815685561928 477.2552943314216
366.273981718014 713.7952878135139
366.54025465473785 731.7278851181047
365.70843900089966 774.2918820370369
366.2169158921046 941.3770179991333
366.4469108390511 966.4770236050223
368.0 976.5024096826834
367.0 1012.0
365.0 1025.1457515990203
366.0 1057.0
368.0 1159.0
365.0 1177.0
368.0 1180.0
367.20662588363524 1224.5637981270906
367.63300997851843 1261.0
366.2552430970366 1272.6203787728564
365.41056569072697 1485.0
373.2567259538141 337.6779836659138
371.24457468346725 342.6010300180262
372.6388094377506 378.28023049071203
372.4518965473403 428.0
373.68136688940336 565.0
371.91036582046405 587.6344512693039
371.0 649.0
371.7307302313332 719.3972872985055
372.7235866598669 743.341008401577
374.0 749.0
371.0 791.0
371.0 887.0
373.0 943.0
374.0 1074.549363670234
372.44438188691385 1116.4681516569474
374.0 1144.5977942353966
374.0 1182.5865549088169
372.0 1230.0
374.0 1330.40569346737
371.39833093563135 1338.0888744744134
378.0 266.0
377.4871819587608 467.0
378.3197934023166 532.7289503493438
378.0 700.0
378.7600481592692 731.0304803541599
379.643593659142 829.0
379.79910553176717 844.293660842987
379.59636806318343 918.4992488965222
377.0 953.4347575896496
377.0 995.4444878785604
377.0 1039.0
378.48769489057486 1072.3311644566802
379.4129199828242 1128.5694679958115
377.49126455923175 1168.4503660485168
378.0 1177.0
378.7884949362167 1186.7192941252708
379.1699704716289 1211.5842392335117
378.0 1408.0
380.0 1595.0
386.0 281.0
384.0 443.0
383.0 483.0
383.4568571504777 518.3850019425538
386.0 641.0
384.0 708.0
386.0 822.0693989595421
383.0 840.5958828707583
385.0 871.0
383.33060805074183 912.1931484480011
384.0 965.0
383.0 972.496609865235
383.0 985.0
384.80406453837 1013.7833838063394
385.3409999940734 1072.0
383.0 1121.9381837581027
383.8510244915114 1140.1927950634895
383.464348733921 1180.535651266079
385.75778879549955 1210.4263216910804
386.0 1270.5749806565307
392.0 401.0
390.0 419.0
392.0 594.5269010766708
391.0 684.0
390.37918096224024 732.7259436159165
390.56403429380816 767.5762750522601
392.0 786.4571863527357
391.0 791.0
390.79443107807117 946.9013150019192
389.0 1009.0
389.70631959853705 1014.3824518037792
390.0 1020.0
392.0 1102.0
389.0 1139.452794656633
390.1844008617132 1182.4365631697103
390.4278160736004 1187.6665857729106
392.0 1192.0
391.47406260637564 1199.388878447497
391.0 1210.0
392.0 1219.0
389.5026105914963 1249.0
389.0 1365.4973944839662
389.4561218234357 1422.6127431202572
390.4357409073384 1497.0
392.0 1520.0
396.0 133.0
395.35850552997925 398.0
397.0 512.4453554209524
395.0 720.0
398.0 774.0
395.5463951459866 784.6210536553713
398.0 817.0
395.0 929.4709907028933
397.5930969803387 958.0
396.6443580849956 976.2116946504456
395.0 1019.0
398.0 1037.9519450251087
396.0 1056.0
398.0 1072.0
395.0 1078.5413950209197
397.0 1102.4593839025408
395.0 1132.0
397.47116845275485 1422.523417073265
398.0 1433.5562829669202
397.0 1497.0
397.0 1610.0
402.62210314899477 342.73864155927487
403.2774088355261 422.607798774238
401.57913909023245 443.0
403.47586593041666 455.0
401.0 554.0
402.0 582.0
404.0 856.374009502391
404.0 905.0
404.0 960.0
402.2846917199061 966.3035538485494
402.2516980723881 970.3646306511206
401.0 1092.5323452280836
401.0 1099.0
401.21946987232894 1120.9291066494354
402.70375380808264 1145.6784886869946
403.49307406799466 1255.0
410.0 64.0
408.0 305.0
407.3659418838815 610.71457876914
407.0 695.5223403598504
407.0 731.0
410.0 784.0
409.34122761323215 820.6428325043532
409.0 845.0
408.3372306083523 871.0
407.0 883.0
407.0 928.3547459549493
407.0 948.0
407.0 1057.0
408.1616297318033 1073.727919876136
407.0 1091.5454633932125
407.0 1139.5845051233125
408.61615665877457 1319.862016014595
408.20186761007375 1331.961494088059
408.41441916115593 1354.0689417228643
408.5423869133805 1382.0
409.0 1469.0
407.549436217962 1577.5987353454889
415.61089711450165 208.27939229107537
413.0 321.0
414.0 399.51283497364443
416.0 549.0
415.0 580.5904567106109
414.5495774843417 636.5495774843416
415.0 694.472513485307
413.0 766.0
413.53576264723256 778.487315005148
416.0 808.3962721955892
414.0 826.0
414.0 846.0
416.0 864.0
413.0 912.0
413.61006890517086 936.0474949004682
415.0 984.0
416.0 1000.0
414.61077557169585 1036.0
413.0 1090.3635343369442
416.0 1123.0
415.541945823341 1150.0
415.62599050730364 1249.0
413.0 1348.5302513156626
413.0 1358.0
413.4726930613383 1441.0
420.0 217.0
421.0 243.5934176537222
421.0 305.4683215066958
419.0 466.5935284966583
420.5328133510963 564.0
419.0 700.5763499944431
422.0 822.0
419.3638273335664 877.0
419.0 930.0
420.5399854650468 954.4551759255274
421.4617555137076 1069.0
422.0 1216.0
422.0 1246.0
421.65037240956013 1254.792315947102
419.0 1264.2954409632262
419.4436385362884 1404.632975704655
428.0 260.52662102521475
425.0 374.44330057769906
426.45570147349554 406.54904479720136
428.0 473.0
426.0 519.0
425.7362507353238 588.3481883592265
425.0 601.0
426.73488545437215 724.3378214114719
426.0 859.0
428.0 904.0
425.0 910.5882605802651
428.0 946.5506172256296
426.0 1026.0
426.0 1054.0
426.4752343530868 1157.0
428.0 1165.0
428.0 1211.3765246221853
426.0 1260.4635966957692
426.51534609982514 1273.0
426.4516030738661 1276.0
426.9701613755403 1284.799233723295
428.0 1321.0
425.5037366906552 1428.6263001441466
428.0 1503.0
425.5353554132536 1583.0
434.0 69.0
431.6399832315241 259.2954188199603
431.0 319.0
433.0 459.0
432.0 512.0
432.0 661.0
432.0 697.0
431.33037313924507 786.6857446069058
433.56805651197436 862.5356312889224
432.7265744419456 911.3696519878164
433.4499925538291 934.3942974842929
433.360263386343 1024.7205267726858
434.0 1229.5176848419683
432.0 1282.0
432.5779327540492 1302.318526135468
432.5078108971388 1338.0
433.0 1346.3241762282435
434.0 1445.3884785213172
431.4672723674207 1450.389147655683
437.0 56.0
440.0 389.0
439.0 392.0
440.0 410.0
438.0 428.0
438.63599492383406 531.0
437.0 750.6433731851787
439.0 791.0
438.4806247063688 827.9818962713088
439.56776458601314 922.0
440.0 940.4645001878916
438.16763023089464 964.6674667032431
440.0 994.0
438.0 1000.0
438.8488166541875 1018.8363161723347
437.0 1049.0
438.4066330532552 1080.4464700876933
438.6864850857776 1126.7972909836542
440.0 1223.8804402611831
439.5371691941719 1246.5584087336986
437.0 1315.0
440.0 1416.0
437.0 1420.0
440.0 1432.4856661773595
443.4896576517243 23.0
443.506337665182 330.506337665182
445.0 379.5580393613537
445.0 661.0
445.2555604214234 696.4940617044048
446.0 748.0
446.0 756.3576657947905
444.0 821.5497968112497
446.0 876.5381959832329
443.41659453011516 882.5122682272416
444.28874290903656 917.6698974458055
443.0 967.0
443.0 976.0
445.4985552348177 982.0
445.0084937759042 1042.1878463517978
443.37622927707025 1078.0
445.6358215175499 1139.3250487643454
446.0 1171.0
444.5353350383697 1198.0
443.0 1294.4105049311784
443.0 1379.0
446.0 1445.4474974322964
445.55334657460827 1557.0827621030783
450.28326455704155 208.2586853395892
451.21569284630476 356.56344662643517
449.58923722569114 401.0
449.6363122269808 605.321191557459
452.0 742.0
450.0 772.0
449.0 817.0
451.65292866057496 990.3056716547887
450.0 994.0
450.41742889981197 1019.582571100188
449.0 1024.0
452.0 1086.0
450.0 1092.4474087603144
449.0 1319.5324616102814
451.0 1342.4904098723923
451.35428776216315 1415.2176406569922
457.7146287438986 202.38693800788667
455.0 343.0
455.0 401.0
455.0 509.0
456.4291554962285 512.0
456.0 605.4851368303399
455.0 754.0
456.0 760.0
457.45972699505273 766.0
455.0 846.4164988228276
458.0 856.0
455.4773012990641 953.4985057270568
457.5098049024855 991.0
458.0 997.0
458.0 1033.0
457.0 1132.0
455.63940289927 1165.0
455.0 1192.0
456.399019796755 1394.0
462.0 276.50217644718504
462.0 307.0
461.7080157554889 344.3639300265486
464.0 562.4058609478807
464.0 575.0
463.1188845245659 696.5840534204646
462.0 754.0
461.55233652478404 760.0
463.0 791.0
462.0 839.0
462.0 875.614364894847
464.0 935.0
463.0 942.5277039168673
461.0 961.0
463.0 989.548848772843
461.0 995.9814444579828
461.667233534764 1030.7478645956287
463.428814676833 1224.6423622289674
461.10986757994493 1271.4552409323514
461.67982771142294 1383.8614716306374
461.0 1421.0
461.33079672909395 1445.6218992875692
467.0 275.0
467.5290314397093 419.0
467.0 604.5728586226306
467.0 658.0
467.0 743.0
468.5202444906986 772.4187974043716
468.4473519330704 833.8925750508054
470.0 851.0
470.0 868.0
468.0 917.0
470.0 941.4625161861924
469.30717280519303 976.2902555827138
468.39398910906345 988.0
470.0 1054.0
468.0 1127.0
467.516216781301 1144.4846133898911
467.7379847562234 1152.2856395516835
469.4834032950237 1235.486380547837
467.0 1246.0
468.67098376519596 1276.2881623910844
467.4109484088303 1295.417641694563
468.11199588343504 1365.1781094874452
475.0 225.0
474.0 275.0
476.0 568.0
474.6168615647079 610.0
475.1734888259479 779.0641137930769
475.0 805.0
474.5565889394295 875.938197388658
475.5003620855213 893.0
473.5594097775698 901.0
475.8123063709449 978.1131054179226
474.470110305086 990.0
473.0 1075.0
473.41107576326806 1079.7667727101957
473.0 1111.0
473.0 1140.5469736957903
474.0 1267.0
476.0 1291.0
479.0 81.496342917328
479.1204019758142 231.13445725291908
481.0 275.4850151834699
482.0 398.0
480.36505281257575 641.2924280983798
479.0 736.0
482.0 779.5522916656547
481.0799222317739 785.9501650396797
480.3771543103097 792.0
479.9142956605749 898.0
480.0 936.4843131350738
479.0 943.0
480.0 953.0
479.7912731119438 972.512836323891
482.0 979.0
482.0 995.4349741706175
479.41861739915134 1003.0
479.0 1018.5363668767454
479.4263759845922 1153.0
482.0 1180.3341524964992
486.0 378.53440196253814
485.0 488.36444959663254
485.6160780728956 647.3151795147999
486.0 691.0
488.0 697.0
487.528045106699 751.0
485.0 761.0
485.99355925446383 779.0064407455361
487.2856548207859 970.7146740772893
488.0 982.0
485.0 1117.0
485.0 1141.0
486.54396643052524 1175.2447744495216
486.54745251433684 1228.0
488.0 1501.4081328505665
492.7063674300108 161.33517988046563
492.0 378.0
493.0 442.5200965236029
494.0 519.4595471801239
492.3877109360365 628.0
491.0 748.0
491.60075219912665 838.0
492.7454017779621 862.3507199845254
494.0 877.0
493.5864988327883 910.93417001789
493.60071476035506 943.0
493.55515045085804 953.4584490678808
491.58004636774797 1001.406383250839
494.0 1021.0
492.53629173848486 1087.0
492.0 1090.0
492.0 1170.0
492.6268413023325 1223.8803083603116
492.60825712663774 1384.4989819088908
499.5048691196471 138.49845689534462
500.0 319.0
497.0 464.8022584849401
498.4335754129265 568.464397890513
499.0 622.0
497.646443753233 715.0
497.0 754.0
500.0 832.0
498.48138748136887 858.0130287630418
499.0 979.0
499.7003730724975 1002.0177086317733
497.8045296374931 1024.377173698451
497.7609086790232 1108.357956796816
498.6145698619944 1114.2169581642956
498.5745034795624 1163.5583447901286
500.0 1182.490476132426
499.67037993586587 1204.9663367176236
498.1468975255849 1265.9412373050895
497.0 1284.415954829541
497.0 1312.0
497.26733847513765 1332.673279926047
499.0 1392.5422180191838
499.0 1471.0
500.0 1597.0
506.0 132.0
506.0 338.0
504.0 577.0
504.39423832669445 661.0
506.0 802.5792702381873
503.7070933392733 816.302266466193
503.0 882.5067702441157
503.0 919.0
505.4566317800561 937.0
504.4291638298604 1003.0
503.0 1039.0
503.0 1087.0
505.2606072448205 1090.653117643317
503.44580061671587 1127.8630255318383
503.0 1507.0254167798728
512.0 132.0
511.0 195.0
509.6639397214207 483.36878362153055
511.0 630.0
510.0 684.4954943223956
512.0 701.0
511.0 732.0
510.0 802.0
512.0 826.3973287592744
510.44663679256905 851.9899733822297
509.56768376601224 943.0
512.0 976.369790661965
509.0 1007.0
509.4388140068787 1032.5115433986823
512.0 1054.0
511.0 1078.0
511.784516195769 1084.32828562073
509.0 1108.0
511.73417373802545 1180.287665191906
510.0 1240.0
516.0 144.3707147255015
515.0 249.47273423435004
515.0 311.0
515.2824459985643 343.73658774009704
515.0 460.0
517.0 571.0
515.4904331029943 655.0
515.0 658.3474700243125
515.0 684.5741113181061
515.5728692493417 760.2783984271867
516.6825870675711 875.0256660860202
515.0 892.4755537597047
518.0 925.0
518.0 1018.0
517.2385002859215 1032.7706946331411
517.0 1036.0
516.4051746619871 1157.537855599197
515.0 1277.4257168073416
516.5149483063228 1282.0
516.3323430905912 1354.6112130731055
516.5130503892931 1427.0
518.0 1532.9484009208882
522.5 71.0
524.0 302.0
522.0 320.0
522.3019064882044 588.6265702214621
523.738022377456 646.2948849547912
522.0 727.0
523.3431604533519 730.673734513702
523.0305385494133 756.6911712370058
522.0 799.0
521.2145008654946 815.9854634389638
523.0 895.0
523.543767233744 942.0
521.0 952.0
521.708956744848 1026.4360022275691
524.0 1066.9989973654513
521.2683998552009 1110.684793632074
524.0 1114.0
523.531670443127 1249.0
521.0 1252.0
521.0 1312.8300777521583
530.0 134.6451945089799
529.0 159.99575017293787
527.5233066322684 290.0
529.0 366.6285103821489
528.0 375.0
528.0 429.0
528.0 519.0
527.0 611.0
530.0 709.0
528.0 799.0
529.0 803.4882534628148
527.5926118447812 888.5811618647451
529.5707797556452 941.4443144996775
529.0 947.5025613678114
529.0 1008.5335939400429
527.0 1072.0
530.0 1199.0
529.4476189551956 1525.9503768970292
536.0 153.0
535.5262879201521 229.6811368741454
536.0 530.0
534.8568466970531 536.7613769243195
535.6170332802154 672.630846245799
536.0 772.0
534.5868863201109 778.0
535.5282511904617 797.5481230778324
534.0 847.0
536.0 850.0
535.4259667416651 869.3909589601869
533.6342973168365 923.3078587649566
535.3530560964966 958.688251454028
535.6844701506351 990.7502670401391
536.0 1001.8916405809524
533.0 1007.0
533.0 1030.0
536.0 1288.0
539.0 284.0
540.5265781672759 348.0
539.0 524.470541981426
540.7400331006908 587.3617139940351
540.0 604.412762371438
541.6195664741414 691.0
541.0 754.0
540.3969765534187 772.0
539.9750151977601 779.0532330027994
542.0 811.0
539.7343974133319 838.3080083682901
541.3475114672129 898.0
542.0 919.0
540.5530451879793 1051.0
542.0 1066.0
540.5829586781492 1073.474598658809
542.0 1123.0
540.5241322607243 1187.505845053174
540.5563302515221 1192.0
539.6746149581741 1199.3141150448178
540.0435270197269 1313.0021395178396
541.4909728987292 1480.0
545.0 485.0
545.7317027948507 598.7464398453201
545.0 642.0
547.5643063819535 685.0
547.6928018223757 689.3901870845541
546.0 719.0
547.0954860824327 754.0
545.3651447355617 793.0
545.4340103680241 841.0
545.0 844.0
545.1933836119513 906.0213846872837
548.0 928.0
548.0 1000.4230668357455
548.0 1063.0
545.0 1085.0
545.0 1182.2076524531035
546.5393232616518 1186.9213534766964
548.0 1223.4811226395313
546.6860310039851 1307.9158067263736
546.0 1312.0
548.0 1578.0
553.0 318.0
554.0 348.0
553.0 378.99708617237275
551.0 405.68194163655636
553.5379112325433 604.8232897440606
553.0 648.641057869006
551.0 685.0
554.0 690.5750792216833
553.5724834718094 744.5626884080514
553.0 748.0
552.0 805.0
551.0 865.0
554.0 871.0
551.0 888.544366219842
553.0 924.0
551.0 948.0262917377228
551.0 988.4245194381267
551.0 1002.4345461276272
552.0 1063.0
552.0 1068.4127484477344
554.0 1222.0
552.9800292433337 1294.6836731301305
552.5320990551768 1306.4315971969972
551.9983982212149 1333.0
553.3258434035439 1378.7190961751924
551.0 1555.0
559.563060251689 100.2703406330269
557.0 113.4859446594391
557.0 269.0
558.0 283.60125053667446
557.0 392.4502774177177
557.0 494.9906783709075
560.0 527.0
557.1663881914097 640.9038451060044
557.0 707.5450599061656
558.0 739.0
557.0 742.0
560.0 791.4156255732833
557.4372426765824 814.0
557.0 832.4790900160867
559.4621272519256 868.0
557.0 888.3703298017415
557.0 946.0
559.3983666486718 1019.7535924608486
557.6151055608769 1025.2916679470172
560.0 1157.4831430586005
557.5690348474185 1288.4443612870625
558.3172565540416 1301.3995675208616
560.0 1393.0
565.6903308411904 224.2798981005378
564.2591979660828 338.67649183582034
563.0 355.4324950401619
566.0 513.4435768577775
563.6274200398814 569.476657432663
565.0 706.0
563.4757811815977 733.0
565.501660571308 781.0
566.0 784.0
565.6404099555169 821.764280624585
563.0 834.0
563.4897827557893 847.0
563.0 882.5592973142469
564.603165968903 996.4808365415721
563.5495649222764 1278.479498294889
566.0 1394.0
571.6230591268339 354.0
570.0 434.0
570.0 448.0
570.0 500.0
571.5755356061023 521.0
571.0 595.0
570.844196509931 618.2371988931039
571.4909711580367 628.4982638135889
571.0 700.0
570.0 775.0
571.7816780414798 814.3263076930364
571.5106687085558 982.5259097207786
569.0 991.0
572.0 1079.5583537174969
571.2385480471619 1110.6248672513768
572.0 1139.01575637557
569.0 1422.1604546719548
578.0 173.0
577.0 389.0
575.0 425.0
576.0 458.0
575.4513762448925 518.0
576.7518413072659 754.3730676363405
575.0 814.0
576.0 906.5713188607914
578.0 960.0
578.0 967.0
578.0 979.0
575.0 988.0
577.0 1033.0
578.0 1049.6029853500581
578.0 1074.0
576.5254059762076 1168.750666425194
575.228548933439 1211.5350486892314
577.5379523836872 1235.9391260845537
577.6759965514079 1556.774935704955
583.0 424.0
584.0 470.54076584462234
581.0 477.53226902036903
583.0 557.0
583.482033230666 618.0
581.4443126846253 767.5174502680516
581.8411085704115 798.1117616333731
583.0 838.3558854178215
582.0 877.0
582.0471253184694 912.8088006780924
581.0 976.5078750244126
582.3895092616838 1033.0
581.0 1115.0
584.0 1223.6037164258
584.0 1230.5006626504155
581.5165592020741 1270.3688726792702
589.0 355.0
588.0 574.0
590.0 713.471667802679
587.0 760.0
590.0 924.4497103825073
588.9723560840225 934.4230922580895
590.0 960.5028705374895
589.2721526729447 970.3731406278504
588.5743246044954 1008.0
587.0 1066.0
589.0 1075.0
590.0 1078.0
587.0 1132.0
587.0 1379.0
589.0 1501.5131526429739
596.0 440.0
594.2585381735234 494.2187740913806
593.0 518.0
594.4726897318186 670.0
594.4046380175918 700.0
593.4538763541827 772.7363173783607
593.0 780.553256129786
594.5402498270721 787.0
596.0 832.4547499962441
596.0 910.3719798030402
593.4962420112951 960.1269685966762
594.1656153265675 1031.4305810905983
595.7342359800467 1102.3039614913775
596.0 1116.0
599.0 72.0
599.0 224.0
600.0 293.0
600.0 348.0
602.0 387.57266230080967
601.0 467.0
600.0 521.0
600.0 545.0
601.0 619.0
599.0 655.0
599.2456352719694 659.0843253113048
601.5320308728898 670.4987247316417
599.0 778.4276221972958
600.5225444238712 796.6107805001707
599.0 814.0
599.0 844.0
599.0 901.0
601.0 916.0
600.0 970.0
600.4345852439928 1031.4387574950435
602.0 1114.0
599.0 1229.0
599.0 1462.0
608.0 550.5746250093281
605.0 613.0
607.2274628448506 628.5817482006543
608.0 647.5919518518938
607.5954374759741 817.0
608.0 952.0
605.0 965.0
605.5966823053161 971.7325247692604
608.0 991.0
605.0 1015.0
606.0 1090.0
605.0 1180.3675218412902
606.4119991110184 1222.0
608.0 1252.4761927133197
607.8766368464564 1359.3801785352389
606.0 1500.4613591345274
614.0 190.0
611.0 308.0
614.0 379.5650074970315
611.7620571020587 447.83520783642984
612.0 452.0
612.0154315034142 477.47685274487867
612.8392704798024 482.8039363243835
614.0 641.5036554618813
611.0 743.0
612.6860907708354 756.3165754464848
612.0 787.0
614.0 803.4094252589476
612.5683095659415 816.0313043604654
613.4210249362609 869.7369251912173
611.4720168901903 960.426521625807
612.4661393171674 1019.9535624921153
613.0 1057.0
611.0 1074.0
614.0 1117.0
618.2718162183389 133.59238088789888
620.0 344.0
620.0 490.0
618.0 679.0
618.0 694.5178208505536
618.0 700.0
617.0 802.0
618.0 835.0
618.0 912.5267508426515
620.0 985.0
620.0 997.0
620.0 1097.8910017198873
619.0 1183.0
617.0 1189.0
617.0 1224.5480753662696
617.9989873855757 1230.533176595559
617.0 1319.3969587157135
618.0 1500.5737409627461
624.699817325691 423.43540458686135
623.0 617.4180737146844
624.0 671.511537470507
625.5542455749985 772.0
625.0 792.0
623.0 797.4499314392667
625.7571379730744 874.3126822215895
626.0 929.0
623.0 941.0
624.3266686882092 988.3508842049662
623.3990490765019 1018.0
625.4028281580955 1199.2451312615513
623.6426049877155 1265.3440135065177
623.5980336993499 1318.2460098874494
624.0 1376.0
625.5617917520436 1393.4678272221738
626.0 1445.4024403204608
623.6413466562706 1540.5198300490265
631.0 156.0
629.0 242.0
631.0 446.0
629.0 470.582667901211
630.705783704035 606.0672684893698
631.762414740685 700.4324446348876
632.0 798.0
629.4930604626854 805.0
629.5251061630961 815.5555376961471
630.1561281022304 898.307447493648
631.0 928.4488555578665
629.0 994.0
630.4372197672676 1072.9594966240436
629.305581357376 1198.7277941317675
629.0 1205.4971864593354
632.0 1253.0
630.0 1285.0
629.3261328227188 1288.223768739221
635.5036152871695 282.0
638.0 392.0
638.0 443.0
638.0 464.0
637.7062734117843 500.8487149787856
637.5892904253734 676.0
635.0 726.5133981326576
635.7000813964288 743.1289611524408
636.0 751.0
638.0 928.0
637.0 982.0
638.0 1008.611364385495
637.0 1020.0
636.5695641463051 1061.5268981365714
638.0 1213.0
638.0 1228.0
638.0 1247.4049124833018
637.6470670457092 1276.0
636.7932875445618 1319.392885726862
643.0 236.0
644.0 478.0
641.526965938275 501.77007491608333
641.0 518.0
641.0 536.0
642.4781321877887 569.0
641.0 580.4361843674579
643.5493611569377 600.542048392947
642.0 604.0
641.0 610.0
641.0 667.0
642.554566059758 676.0
643.0 755.5444534869575
644.0 798.0
644.0 858.0
643.5846633713801 892.8306732572398
643.7402873223323 929.3251532604816
642.0 966.0
643.4894754569065 1144.0
641.3341589116071 1313.0796391858862
644.0 1417.0
644.0 1432.4558887013138
643.475780333437 1452.475780333437
641.0 1469.4796677920544
641.0 1557.4401062937714
642.6636021154673 1596.862698863758
649.0 412.45188163563114
648.7099475975839 434.365833049926
650.0 501.0
647.0 544.5624145450905
649.0 688.0
649.0 749.5049096477524
648.980579966013 768.7964180357438
649.014015108167 850.4669773948906
647.639802886326 881.8073784195324
648.4168313346621 894.5026828601722
647.0 943.0
649.6324779276582 958.0
649.0 1102.0
648.7926148064383 1524.8730004015542
653.0 419.0
656.0 478.0
653.499057827161 518.0
655.4006742209448 537.888999287494
656.0 542.0
653.6128354262074 551.0
653.0 556.5448681162063
653.0 696.5203368287258
654.3486121491957 743.6531770613921
654.5752480609686 772.4306561172593
654.6984849508975 912.4098692062129
653.3907994983231 940.4079684571888
654.0200676402584 954.8253274096886
653.0 973.0
654.0 1051.0
654.5958806737689 1105.0
653.0 1123.0
656.0 1266.0
660.0 80.0
661.252869111168 247.5342120575239
660.0 284.0
659.0 318.0
661.2590134364362 344.6672555767829
660.5301334503257 372.50127020482694
661.0 446.0
659.4846716710001 478.5522466723043
659.0 539.0
659.8869567295667 543.1320005984132
662.0 647.436640956975
659.25520051492 672.087209881876
662.0 696.0
661.5884883484852 720.5404174844158
662.0 730.549593892444
659.4503028021035 796.0
660.6241873733755 808.2253834714802
659.6690955566615 822.2823266434416
659.0 877.0
661.484211689697 899.8509187963125
661.8090949359363 922.3587659739009
660.2470188382872 929.2285002618767
661.0 991.0
661.5383741266288 1024.0
661.3850751776756 1102.0
659.0 1159.0
661.2980694005254 1194.6205050627977
659.0 1247.0214606528239
661.4285269684026 1270.484185091696
659.5153294304088 1315.0
662.0 1324.0
661.2532104960122 1539.942765997278
659.0 1601.0
665.6054916258721 293.7595612243142
666.0 330.4801468734304
667.0 404.0
665.5562707156181 554.0
665.3362842455887 575.0470548804309
665.0 670.0
666.3884923276115 707.5591623552007
666.0 715.0
668.0 880.0
665.967211379331 917.5154506053474
665.4767902302749 922.0
668.0 970.0
665.0 1007.0
665.7126099519053 1030.3397115927776
665.4005536260789 1168.0
668.0 1285.0
667.0 1444.0
673.2412231774223 171.23437716727608
673.0 195.0
673.0 276.59565856842653
671.2889284425406 349.98388555517994
673.0 501.4739423187167
674.0 514.5402263165873
671.7037822584316 570.7553069340789
672.5546039841762 598.0
673.5022133413132 647.0
674.0 696.5473924714803
672.3734866022396 941.5097011507738
673.0 955.0
672.4061719709553 1147.0
671.0 1162.456600276142
673.0 1246.0
674.0 1255.0
673.3417140603839 1347.7095856971512
677.0 458.31737771615394
677.0 537.5491447103819
677.6252649313226 589.0
677.0 672.0
680.0 685.0
677.0 689.4873386350706
680.0 713.5297125901158
679.0 721.0
678.8370041084964 742.6768737211395
677.0 768.5797367722258
677.3863201870162 953.6697091717314
677.0 1087.0
677.0 1183.0
679.0 1210.0
677.0 1282.4588549130726
679.5848711470813 1450.0
679.0 1506.0
685.0 129.0
683.0 429.0
685.0 568.0
683.0 600.0
683.0 642.5123824111919
683.0 652.0
686.0 706.4444619412395
686.0 718.0
684.0 755.4549076282765
683.3699580116446 798.5183569274965
684.6652535761756 804.2938324673094
683.0 1243.0
685.5706656015984 1534.0344090217784
691.0 244.0
689.4595467273616 366.0
692.0 437.0
692.0 441.47018631799267
689.0 488.39950671734584
692.0 586.0
692.0 607.0
691.5028887783877 625.0
690.3742452867873 742.0
692.0 773.3932870527002
692.0 977.0
692.0 1025.0
690.6966255700703 1276.231241566618
689.0 1291.0
689.6571682098336 1312.3296562945898
689.0 1490.4603027549324
698.0 189.48118497842125
698.0 345.0
696.0 392.4010831728869
695.0 400.0
697.0 412.643817353193
695.0 495.0
696.5217067479324 554.4863194969182
695.6636605752276 628.3219478526825
697.0 730.3417923935144
695.0 877.0
697.6670041345074 894.7755181880615
698.0 961.0
696.5259745404048 972.6005404652494
698.0 1133.5350916561788
697.371560453858 1200.0938161546617
695.0 1270.0
695.0 1276.4210178101762
695.0 1302.0658779228957
696.0 1382.0
695.3406018855628 1496.2543408348295
697.0 1532.0
702.7774643749808 218.34830599661902
704.0 287.53916426643553
701.5603048092443 519.0
703.614390759958 574.2443023408172
701.320500935032 672.3006510904266
703.822354583278 791.1736703245001
701.0 820.4705265932859
704.0 841.0
701.0 889.0
701.0 892.0
701.4823956059432 942.0
702.0 953.5726696954215
703.6686881156725 982.6359089756056
702.3057798455917 990.7572854759328
701.0 1091.5312426914418
701.5880949542707 1168.0
701.0 1223.0194393433044
702.0 1237.0
702.0 1255.0
702.8085653912348 1265.0610473921688
710.0 224.0
710.0 619.0
708.2903675646953 628.8602450431302
707.0 661.0
709.0 871.0
710.0 904.0
708.113443481286 1018.3441314683267
707.3972400783491 1056.5512107056813
710.0 1278.017326156144
707.0 1291.0
710.0 1302.5119793927065
709.5085314842346 1365.0528961578061
715.0 7.0
716.0 105.45152564939471
713.0 220.0
713.0 235.0
716.0 259.0
714.0 325.42668129462254
714.2398210621595 441.65239147339696
715.7420561001285 574.3370098425157
715.757307953773 694.8563421110014
714.4553704458973 724.4803810768859
713.0 847.0
713.5674909893862 1099.0
715.4785347177988 1121.4680523433872
716.0 1186.0
715.7584249593634 1270.3283090973591
720.5074558094176 336.0
721.2701645363 350.3342011341023
722.0 363.0
721.0 394.61441056656764
719.703442428211 442.4064914040736
720.0 509.0
719.0 543.0
720.0 667.0
720.0 676.0
721.1289755058045 737.1311703102813
720.112023002694 743.112023002694
719.3726844195736 859.0
722.0 881.583965523756
719.5126623120166 899.0632243711351
720.0 943.0
721.2759879812916 960.670274099144
720.0 1171.0
719.0 1247.370562595559
719.3128232565301 1271.6626024379561
720.5656954559612 1303.0
721.1123588620364 1307.1783984710949
725.0 179.41143833008115
728.0 254.58127141667688
727.0 324.43761730870153
727.3691821541235 470.0
728.0 476.0
726.7105240766068 488.2539887112366
727.6023750185299 539.0
725.0 543.0
725.3503458411783 616.0
726.8097130118454 622.9561439398823
725.0 678.0
725.0 802.0
725.0 931.0
725.5764645772412 989.7093065197373
726.7240001517972 1120.2596188524512
727.4730407495485 1147.0
725.8029737902518 1163.630389305362
728.0 1181.5477576846736
726.3028237077378 1199.7646851777258
728.0 1213.0
728.0 1228.0
726.0620704303927 1513.6596522276204
733.0 168.0
731.0 311.0
731.0 437.0
731.0 440.0
734.0 520.5295052268509
731.446980207598 593.9436417243834
732.0 631.0
734.0 646.0
733.0 703.0
733.0 856.0
734.0 924.0602288851708
732.7168099313044 959.4501133930216
733.5760066309798 971.118297588035
732.0 1013.0
731.7059423800346 1158.77680075943
733.1484197623608 1163.874172084058
732.0 1171.0
733.0330463472882 1175.2626277287027
734.0 1193.5217339102492
733.0 1253.0
733.0 1273.0
733.3878904294822 1339.0
732.0 1376.526511062115
737.0 500.0
739.5140599177455 519.0
739.5702238338275 548.0
739.0 564.6538014105588
738.0 595.0
737.0 610.4293130996608
738.0 666.4868590206951
738.4432125944996 731.4482640288252
740.0 755.0
738.0 768.0
737.0 913.0
739.5729858470579 955.0
739.3026564972606 972.71997047667
740.0 982.0
740.0 995.40099962097
737.5865509978149 1002.5924522022115
737.5722365229271 1048.587983628609
737.0 1069.0
738.4862362276252 1072.0
739.2004408611635 1153.0
739.1501772987426 1156.4540303438416
739.717646890878 1175.4178086065945
739.3284073230443 1182.6394463499378
738.446042451562 1187.2810041900755
738.6750584176152 1193.8163029103057
740.0 1207.0
737.668385019088 1211.4544804360116
738.4315689031982 1228.4389578068858
740.0 1234.0
739.4533401890362 1252.4070071669926
737.2669420026714 1270.666000334805
739.7764377288696 1312.3746108526377
739.6490654514083 1366.300391652228
737.4879067211541 1388.0
739.0 1426.0
737.5638131041804 1462.0
745.5259182115492 354.0
744.4980891232898 407.0
743.0 473.0
746.0 548.5017002349724
746.0 564.0
746.0 587.0
745.0 604.0
746.0 713.4689397892578
745.0 725.4692928069829
743.0 737.5318538531661
745.5367101828049 756.529583496876
745.0698928006859 858.8229950301554
744.4621727759355 895.0
746.0 982.0
745.0833495222369 1061.681218705421
746.0 1115.0
744.0434500704887 1150.7658204316338
744.4220945342765 1176.155810931447
743.2266740216422 1180.286026405737
743.0 1195.0
750.0 138.0
751.0 416.0
749.0 435.58395701246286
750.757517211802 488.23517012716803
749.569076429975 538.4954295489088
749.0 565.0
750.0324977687346 568.0
751.5724417456175 583.0
751.4196098739 635.5079774038667
752.0 718.0
752.0 822.5940773110576
749.0 919.0
749.0 1060.3198655490817
750.0 1152.4367571046078
752.0 1174.0
751.0 1192.0
749.0 1198.0
751.2790651717911 1218.6481938537272
751.0 1315.0
749.0 1330.0
751.4681511370786 1453.0
752.0 1485.0
749.1755966282672 1489.343956989675
757.4338278448935 53.67049630244512
755.0 138.5823647469607
758.0 277.46031293610673
755.4125561325482 307.5551355380525
756.0 472.3995383531918
755.0 554.4336938996044
755.0 598.0
756.0425035670262 665.8326718283714
756.0 676.0
757.487645272696 683.0063561460287
755.0 688.0
756.2762422065368 750.699896811687
755.0 802.0
756.9735019313235 838.0
758.0 888.0
756.7700832484145 1002.0930350214298
755.4076092736187 1097.5236505331973
755.5518625389456 1146.5137720228652
757.0322393594619 1157.4918563470465
757.3171028470489 1186.8864263457217
757.2193428559375 1193.6317492703542
758.0 1198.0
756.601777951974 1216.204426704412
757.3227615045055 1254.612299494293
758.0 1365.0
757.0 1373.0
757.2514193130013 1415.2428082266395
764.0 367.4826870055415
761.0 392.0
764.0 494.0
762.5574415690137 518.0
763.6114196437245 665.0230201534413
761.4903863347516 750.0
761.0 898.5336225771571
763.0080869992914 912.8066888541579
763.4911154716837 935.4970361560761
764.0 1036.548045354815
761.0 1109.0
761.2177871401849 1152.3328306239862
763.5683018394891 1228.0
767.0 141.0
767.0 188.0
770.0 302.0
769.7821074922012 305.30263556651255
768.5028028845777 349.5084086537332
768.5697330618393 354.0
770.0 361.43931061808007
768.2895180507163 367.6346178270017
767.0 412.57905285113276
769.0 452.4974214815766
768.0 484.0
770.0 555.0
767.0 617.4976580920378
770.0 739.0
768.0 852.4769624119319
767.0 900.5659068199734
767.0 931.0
770.0 964.5536926649247
767.0 984.5380381823967
767.0 1141.0
767.0 1207.0
768.3970089097442 1224.671620142748
767.6791846051837 1242.3407141539606
769.5798912944435 1246.2709624192833
767.4277273033522 1260.6091619150502
770.0 1327.0
774.0 144.39163606117583
776.0 296.0
773.4442687985838 299.7609425931432
775.8204015511781 658.8335149251841
775.7738021055393 683.4011128967018
776.0 748.0
773.5294047927098 769.0
774.9858974333458 798.8182291625203
775.0 814.0
773.0 871.0
774.5126930366782 1175.013669424115
774.5357050704056 1216.5357050704056
775.2707414204181 1230.62423231299
773.6562378481674 1312.0
782.0 55.0
780.6142474269349 209.83206234326963
780.3860291214605 369.0
781.0 378.0
779.0 413.0
779.0 437.0
780.0 661.0
780.0 730.0
779.0 748.0
782.0 774.0
782.0 799.0
781.5547049782406 832.0
782.0 893.538556786584
780.4285035456134 1213.0
780.5305570294829 1321.0
779.0 1433.489607355498
788.0 166.53047496870238
788.0 437.0
788.0 440.3925172802658
785.231530971189 447.63343498642627
785.0 502.5472622760766
788.0 536.0
788.0 618.5563169999045
785.0 745.0
785.0 748.0
785.4042648367345 869.0459732461383
788.0 904.0
785.0 1144.0
787.2931353216101 1164.637456505623
786.4216778513367 1171.0
787.408617310815 1182.7789649346043
788.0 1249.0
786.529228754695 1312.0
785.0 1349.0
787.3523956358002 1360.731478495054
791.0 184.0
793.243804065421 411.6607448958261
791.0 538.0
791.560721299644 610.0
792.0 649.0
792.6344725775175 678.3703565358549
791.2064864868635 780.634857465848
794.0 928.5395008211524
792.4085959820535 942.0
794.0 952.0
792.0 1006.0
794.0 1158.5845402993275
793.7513697305175 1224.694102989283
791.9754194144699 1259.8590808960791
791.3178666349909 1294.587013170203
793.4376588331113 1481.090859430477
797.2473178642715 387.67389192203825
798.0382094703383 464.29752650091854
799.0 491.0
798.517108015669 494.0
797.3568555874143 519.6826677108464
797.6345223286849 539.0
797.0 616.405975848057
797.3570995473898 678.2129651212467
798.8896403282771 682.6086825119601
797.0 827.0
799.4719750129126 835.0
799.0 880.0
798.5944505081641 928.301338832731
797.0 934.0
798.0 971.0
797.0 1030.0
800.0 1132.5396242354504
797.7479346345289 1138.2549152362155
798.2368506831378 1152.3023395058049
799.1469703271962 1156.688317504628
797.7578765364035 1193.6698523161178
799.7075880010601 1218.6896196311104
797.2875964417456 1222.2686031667215
798.8627767217232 1403.5085232426934
798.7268559142418 1434.207704518685
800.0 1440.6273867282466
803.7594732627321 301.7546432921852
805.0 320.4189440745746
804.1925816688238 471.65348060157226
806.0 495.4938013173195
803.5227707397495 520.5891706463515
803.7325024641249 543.4521514657251
806.0 576.06488017044
805.0 641.0
806.0 666.0
805.0 673.0
803.4824285655296 677.0
803.4886867060769 684.0
805.7839243950986 1049.013222149655
804.8715092641315 1146.622530167185
804.5525316390076 1150.8905968501904
804.6544086290301 1282.2566895496461
805.4956293515784 1318.0
803.0 1429.0
804.0 1595.0
810.0 189.58685682520934
809.0 375.0
810.1007255824536 410.8475754587913
811.0 464.0
810.0 599.0
812.0 697.0
812.0 743.0
810.0 748.0
809.0 853.0
812.0 946.0
812.0 1026.0
810.944801734201 1144.5722337940292
811.5066855243863 1231.0
809.0 1416.4588836474945
812.0 1471.0
817.6447961668263 88.69410222787019
818.0 379.83132760546147
815.7450871630572 387.2737600160538
815.0 400.5365474986536
818.0 512.0
815.0 526.5978539758047
817.4554619180035 679.0
817.0021651671702 702.4605762916252
816.9573628194639 726.1200228092765
816.590724425616 731.4776438240839
818.0 736.4319198718766
815.545690214315 750.4555856686251
817.4621346438607 798.0
815.0 901.0
816.7661068828812 996.0750360303448
817.5181088636612 1093.0
818.0 1127.40421355814
817.0 1135.0
816.6321283607022 1139.6843963274073
816.47731840115 1145.472994345993
816.0 1427.0
823.314872895018 373.8549368301092
821.2889011962893 379.67681990384494
823.6943106030948 399.28765117222207
822.5993478513566 424.0
824.0 442.37627275224
823.6614679624354 548.3381334932599
822.5368505614973 554.0
821.0 712.0
822.0 721.0
822.5342022814277 725.53087811703
822.4892602359228 731.5034468190514
821.6687020449267 736.2184736248955
823.0 1129.0
823.5322833805398 1135.0
823.1139143389441 1138.1943036343437
823.0 1181.5239560550126
830.0 188.0
828.0 275.5785951493408
828.4163179663103 354.0
828.0 446.0
827.3747172300439 482.0
828.4912320408288 491.0
827.5431969246865 512.0
830.0 580.0
827.6969229873896 712.2754618667917
827.7926267673719 725.514693597212
827.5421095287367 730.7921866458584
828.3622032465232 760.7299270448854
827.3990659172802 808.0
830.0 826.5476726225663
829.5765050789938 971.7201195765713
829.2049000785211 1030.0
830.0 1054.4530151279343
827.0 1115.5574606225218
827.4950662640476 1132.9794798523192
827.4285862330432 1138.4452354006287
830.0 1330.0
834.4683756565241 343.46837565652413
833.0 422.0
836.0 484.0
835.404373242323 494.0
833.0 536.0
836.0 592.512267614577
833.0 613.0
835.0 767.0
833.0 774.4135125703839
835.3600511219564 780.7190302668315
835.0 1008.0
836.0 1108.0
834.5201680625238 1171.0
836.0 1289.000320927976
833.4148011393054 1294.0
835.3997289465486 1302.6799457893096
834.6357466652134 1360.3024133318802
833.9832797287308 1408.9871178161584
834.5243286688126 1439.5243286688126
840.3216508698869 296.0
839.0 342.36068333799636
842.0 372.90412872133925
842.0 437.0
840.0 484.4274161353931
840.5419046849213 536.5898294430314
840.0 554.6358799563735
839.0 654.0
840.2521040505276 672.6554137489387
839.5174327834857 755.0687481069439
841.2801283465578 816.0831966192125
841.0 833.6156872710839
840.3241969418292 934.7482954248842
840.0 1159.0
839.0 1254.0
845.0 289.5820775951429
848.0 366.0
847.0 488.0
845.0 520.5117022041327
847.0 570.5042961439915
845.0 607.0
847.0 655.0
845.6304847096757 682.2298234323436
847.2966192726402 713.7434068169839
847.4320832918833 754.0
846.6621624588431 833.819000062814
845.2040385415124 880.8630547038548
847.0 989.0
848.0 1126.0
848.0 1132.0
851.500170087044 173.0
852.0 185.0
853.5996561170239 307.4873138565003
852.0 395.0
853.4186082247165 419.0
853.0 422.0
851.4278572324257 448.5850641060867
854.0 605.4453471373247
851.5449947812012 625.0
854.0 652.3278528166575
853.4459518509133 712.0
854.0 913.0
854.0 1039.0
853.087025878596 1042.7063065030613
853.0 1067.5101576879476
854.0 1180.0
853.0 1222.0
854.0 1297.0
851.418461318473 1300.0
854.0 1377.0
860.0 302.0
859.5599926371312 429.0
860.0 545.0
857.0 550.0
858.0 554.0
857.0 604.0
860.0 652.0
860.0 659.4234378075172
857.4063170615993 1036.8854326413316
857.0 1102.0
858.64119529101 1138.2378533621968
859.4849413641666 1212.468710868
858.0 1216.4126304607776
859.5251281306224 1294.0
865.0 159.0
866.0 191.0
866.0 458.0
863.0 532.532908978307
866.0 554.0
866.0 594.5985336783829
866.0 634.0
863.0 707.4884922590456
865.2943792264126 743.1194459966283
865.4550323171975 790.0
865.5913553963236 820.0
866.0 1144.0
865.5548315504791 1150.0
865.0 1204.0
864.0 1241.501900978776
866.0 1315.0
863.0 1349.0
871.0 311.4336179213395
872.0 320.0
872.0 398.0
871.5983802336145 527.0
872.0 531.9723261327819
870.2685122005764 538.7114695084251
871.0 619.0
869.0 636.0
872.0 691.0
870.0 738.0
872.0 743.0
871.452428795421 820.0
869.0 904.0
870.0767838042777 989.3453808002126
869.0 1033.0
870.0 1054.0
871.0 1218.580862080342
872.0 1398.0
875.0 217.0
875.0 249.0
875.0 313.6037545147071
875.4389864227566 428.363807939784
878.0 476.37556292285706
875.0 539.0
878.0 612.0
876.5494537649656 744.6047907153267
877.5187045375823 769.0
876.0 790.0
877.416956674559 898.0
876.5890322002999 929.2903418996859
875.0 958.4400485367047
878.0 1006.0
878.0 1078.0
881.4853038067415 399.06781625586837
883.5061176155062 410.0
882.9785976666209 417.7914179700751
882.0 509.0
881.4138871335463 512.0
883.0 607.0
884.0 826.0
883.3790415163489 889.0
882.4703579803158 924.2832488676102
884.0 1518.0
887.0 126.0
887.0 167.58019825007418
890.0 189.5813308967001
890.0 229.0
888.0 374.5381669059616
888.3566041335899 506.7420014434637
887.418210159272 537.4785884620484
888.7311572791318 605.7536737486018
887.7205221668345 623.3337544817654
888.4974518605495 631.0
889.0395680945633 683.6988937787872
890.0 706.0
890.0 733.0
887.0 737.3037298312742
887.3195282909036 1140.6183490181625
890.0 1288.0
894.6002401615037 23.48454910095763
893.0 104.0
896.0 133.0
893.0 417.8507454340458
893.3724167668106 500.31469582094047
896.0 512.0
894.3206309849124 556.6936952558633
893.5832077393883 564.5364992802284
893.0 676.0
893.2263847954847 706.61260137272
893.4733985416456 840.0637716625826
893.2272090165211 876.6730664349078
893.0 906.6368261683022
895.0 928.0
895.6663739667935 1164.0508218148736
893.0 1169.0639673851626
896.0 1207.0
895.1388716811899 1210.3277405694917
895.7556773797878 1241.3717564889482
894.3506559804739 1277.019905714293
894.9978940595252 1312.728502087719
899.0 120.0
901.5142654898968 363.0
899.0 405.51927842153424
899.4453620934647 478.4299133517172
902.0 582.4846522137618
900.0 589.0
900.5341152574034 592.0
899.0 604.0
902.0 763.0
901.677195324545 804.736397459947
900.5754647513937 808.3677311600896
902.0 845.0
900.0 1054.6023549401082
901.5194008005968 1165.0
900.0 1169.5
899.0 1204.3683159020293
899.0 1271.1006644910244
905.0 459.5391951977579
908.0 577.0
905.1549197592818 581.2345251740945
905.0 611.5134052744124
905.0 622.0
905.0 802.4002024455358
907.0 809.5233890194419
905.0 814.0
907.2577624804296 954.7733039290283
907.0 958.0
907.0 1091.0
905.0 1165.0
907.0 1183.0
905.0 1228.5310320857975
908.0 1576.0
912.511102296049 191.0
911.0 259.41841115892345
912.5378300933578 281.0
914.0 287.0
912.046589512298 356.22662991629676
914.0 539.0
911.0 577.0
914.0 684.0
914.0 730.5294811855609
913.0 772.0
914.0 778.0
914.0 847.0
911.0 952.0
913.0 967.0
911.0 1111.0
914.0 1476.0
920.0 184.0
917.0 289.49434605457867
917.497345857473 350.0
917.7509024352039 399.16604183021786
917.4791380019435 479.0
919.2560036327399 488.2257386773327
918.0 574.5071617400596
917.0 607.0
917.0 683.0
917.0 793.0
918.7664693529198 888.3331575444216
919.5909492005112 907.0
917.0 919.0
917.0 1039.0
918.0 1141.0
925.5386471739012 372.0
925.0 404.0
923.0 422.0
925.4928842489728 489.4894217522475
925.254075608831 508.4491404439894
924.0 527.0
926.0 545.0
925.4177469968762 565.0
924.0 672.0
924.6720094998627 732.29135392965
924.7051875964654 743.4400411658484
923.5770217082802 850.0
923.0 895.0
925.0 937.0
926.0 1206.524655316945
923.2906149627352 1283.6974636315165
929.0 138.0
931.0 159.0
929.5503858723471 284.0
929.0 320.0
932.0 455.0
930.0 496.0
931.3861206836658 502.22173903060775
931.0 544.5430325188138
931.5943268758068 595.0
931.6352758316112 613.0
932.0 618.0
931.0 628.0
929.0 678.4585313704769
930.0 768.0
930.0 784.0
929.6267988058437 832.2215609378117
931.0 910.4966661828279
931.0 943.0
931.6633543651353 982.0
932.0 988.0
932.0 1135.0
930.5080573077836 1205.5551517295073
930.1612876283759 1211.009672137633
932.0 1236.0
937.0 339.0
935.0 431.0
936.0 443.0
936.5934239115928 496.40657608840723
937.0 500.0
937.7257792294998 532.2446918673784
935.0 574.6104816970739
936.8695182284508 610.3198346823198
935.5551258864965 814.2876689870892
938.0 1126.0
936.3141722352934 1415.8809350856845
941.0 349.5055218877099
941.5138015014644 357.0
944.0 458.6047849847242
942.0 490.0
944.0 526.5920377693384
941.1529036874186 531.2686494904488
943.0 571.0
943.7942073700323 582.3872134539189
942.7422437653826 611.3512931583457
942.0 655.0
943.4640660613418 671.0
942.630248537194 960.0
950.0 223.0
947.768556970312 230.34848368244204
947.0 418.44794859359246
950.0 422.0
949.035518407185 482.46841276061895
948.7427463540831 506.6725780743557
948.0 565.0
947.0 700.5632986205793
947.6578527587226 803.4999926540347
949.6437256045771 984.5566510026276
947.0 989.588833955055
950.0 1470.6500119303605
953.4725575189125 167.49457409699951
955.7212790611048 512.2601427879525
953.0 592.0
956.0 703.0
954.7064349144003 1108.3572199333987
956.0 1228.3256468047337
953.6633657528706 1284.3481082963347
960.748614980011 435.4311524732634
962.0 472.0
960.0 554.5
959.0 677.0089669543158
960.4154640277812 683.4269762544352
959.0 702.0
962.0 790.0
959.0 811.0
959.0 1156.5967059292739
961.0 1223.0
959.9944629014396 1235.4916943521594
967.0 127.0
967.5017071080565 204.0
966.0868936848728 429.43350900463315
965.4306931808436 730.0
973.8290998328438 337.0894352113792
971.9467543943894 465.0192940382079
974.0 476.0
971.3346636287083 550.2831288994691
971.4853724288434 598.0
971.0 610.0
974.0 712.0
971.0 973.0
971.0 1006.0
972.3096966888729 1108.7049743318266
971.3627167114769 1370.0
972.5766464679256 1468.312998054589
980.0 388.48739441840894
979.5835733153747 425.0
978.4744456214181 564.5239344202715
979.0 613.0
977.0 1102.0
979.2968134883126 1164.294074499936
985.2702659994335 423.5936393916269
986.0 539.0
984.6761078676394 542.3608716099537
986.0 562.0
986.0 587.0
983.0 640.0
983.0 774.4305510127455
983.0 1087.0
985.0 1135.0
991.5269298593882 281.0
990.0 344.3730460702736
989.546676778168 536.453323221832
990.0 678.0
997.0 140.54192223443553
995.0 389.0
998.0 539.0
998.0 544.0
995.0 893.0
995.5338432897587 990.0
997.0 1025.4088699276715
1003.5014318200961 127.0
1004.0 165.0
1003.0 386.0
1003.5368747088374 440.0
1002.0 454.47902090487185
1004.0 464.0
1001.0 594.4598811607036
1001.0 778.0
1003.4305602188138 1102.0
1002.3758374926633 1127.8615192957611
1002.7911559151181 1176.6158500226445
1009.0 93.51392136794915
1007.7820570492265 139.05387110836537
1007.4359485983223 399.52155157551226
1009.3921434937671 446.0
1008.4753893211353 454.51529661694644
1009.4757223237872 458.0
1010.0 542.0
1010.0 670.0
1008.0 754.0
1010.0 905.0
1008.3080980438314 978.599635428927
1007.0 1123.0
1009.0 1231.0
1016.0 238.0
1014.4435798675253 404.0
1014.933540617385 538.3625380177515
1013.3934737719815 542.6510422523513
1013.0 828.4159500774024
1016.0 1033.0
1015.17894889001 1132.7649148166834
1021.0 244.0
1019.0 287.0
1021.5538431029339 404.0
1021.0 410.0
1019.0 466.4128368693586
1019.0 536.0
1022.0 554.0
1019.0 733.0
1022.0 805.0
1019.0 814.0
1021.0 928.0
1022.0 1104.0
1019.4533753169424 1159.0
1026.240719396767 343.6080219011603
1028.0 624.4455717640826
1025.0 761.4308423949556
1026.0 1032.4980448297085
1033.0 404.0
1034.0 434.0
1031.531714415727 701.5363124824762
1031.0 778.0
1032.0 865.0
1031.4498394042432 880.0
1032.0 1189.0
1031.4671557539834 1192.8832204586079
1040.0 512.0
1040.0 593.0
1038.5341609681902 610.0
1037.7303632879932 743.5835637697601
1037.370977287043 814.6526204152825
1040.0 901.0
1043.0 874.4186584374828
1044.630783624417 1014.068813153581
1045.6565363998209 1189.0
1043.0 1360.0
1052.0 311.54317890646695
1052.0 355.0
1052.0 509.0
1051.639036743319 571.0
1050.7258085718013 706.3110409645999
1050.0 827.5049849653445
1049.0 940.0
1049.4859932991944 1358.4859932991944
1055.0 225.65150701588993
1056.4808032607807 366.3881552733099
1055.0 583.0
1056.0 599.0
1058.0 665.0
1057.0 997.0
1055.5601198255108 1061.5321928792514
1058.0 1228.0
1064.0 269.0
1063.0 401.0
1062.6807874370975 859.0
1064.0 953.0
1063.0 1099.0
1070.0 955.0
1076.4298723715588 518.4581524424781
1078.3261400408244 575.6678516811844
1079.0 877.0
1076.0 919.0
1076.0 1066.0
1077.0 1157.5383527713814
1079.0 1187.0
